[0m [0m [0m [0m [0m [0m [0m [0m [0m [0m [0m [0m [0m [0m [0m [0m [0m [0m [0m [0m [0m [0m [0m [0m [0m [0m [0m [0m [0m [0m [0m [0m [0m [0m [0m [0m [0m [0m [0m [0m [0m [0m [0m [0m [0m [0m [0m [0m [0m
[0m [0m [38;2;8;23;25m[48;2;9;24;26m▀[38;2;8;23;25m[48;2;9;26;28m▀▀▀▀▀▀▀▀▀▀▀▀[38;2;8;23;25m[48;2;9;26;27m▀▀[38;2;8;23;25m[48;2;8;26;27m▀▀▀▀▀▀[38;2;8;23;25m[48;2;8;25;27m▀▀▀▀▀▀▀▀▀▀▀▀▀[38;2;8;23;25m[48;2;8;24;26m▀[0m [38;2;8;23;25m[48;2;9;24;25m▀[38;2;8;23;25m[48;2;11;25;26m▀▀[38;2;8;23;25m[48;2;9;24;25m▀[0m [38;2;8;23;25m[48;2;8;25;26m▀[0m [0m [0m [0m [0m
[38;2;8;23;25m[48;2;9;24;26m▀[38;2;8;24;26m[48;2;6;17;20m▀[38;2;5;16;19m[48;2;25;64;62m▀[38;2;2;6;11m[48;2;45;114;106m▀[38;2;3;9;13m[48;2;39;104;95m▀[38;2;3;8;13m[48;2;40;107;97m▀[38;2;3;8;13m[48;2;38;106;97m▀▀[38;2;3;9;13m[48;2;36;105;96m▀[38;2;4;9;13m[48;2;34;104;95m▀[38;2;4;9;13m[48;2;33;104;95m▀[38;2;4;9;13m[48;2;31;103;94m▀[38;2;4;9;13m[48;2;29;102;93m▀[38;2;5;10;14m[48;2;27;101;92m▀[38;2;5;10;14m[48;2;26;100;91m▀[38;2;5;10;14m[48;2;24;98;89m▀[38;2;6;10;14m[48;2;22;96;88m▀[38;2;6;11;15m[48;2;21;95;87m▀[38;2;6;11;15m[48;2;20;94;86m▀[38;2;6;11;15m[48;2;19;93;85m▀[38;2;6;11;15m[48;2;18;91;83m▀[38;2;6;12;15m[48;2;17;91;83m▀[38;2;7;12;16m[48;2;17;90;81m▀[38;2;7;12;16m[48;2;16;88;80m▀[38;2;7;12;16m[48;2;15;87;79m▀[38;2;7;13;16m[48;2;14;86;78m▀[38;2;7;13;17m[48;2;13;84;76m▀[38;2;7;13;17m[48;2;13;83;76m▀[38;2;7;13;17m[48;2;13;82;75m▀[38;2;7;13;17m[48;2;12;81;74m▀[38;2;8;14;17m[48;2;11;79;72m▀[38;2;8;14;17m[48;2;10;78;71m▀[38;2;8;14;18m[48;2;10;77;70m▀[38;2;8;14;18m[48;2;10;76;69m▀[38;2;8;15;18m[48;2;10;72;67m▀[38;2;8;14;17m[48;2;9;79;73m▀[38;2;8;19;22m[48;2;10;50;47m▀[38;2;9;25;26m[48;2;3;16;21m▀[38;2;6;21;24m[48;2;16;31;29m▀[38;2;0;14;21m[48;2;74;72;47m▀[38;2;0;13;21m[48;2;83;79;50m▀[38;2;4;20;24m[48;2;34;46;36m▀[38;2;9;25;26m[48;2;4;14;19m▀[38;2;6;16;19m[48;2;17;58;56m▀[38;2;8;24;26m[48;2;8;20;22m▀[38;2;8;23;25m[48;2;8;22;24m▀[0m [0m [0m
[38;2;8;24;26m[48;2;8;23;25m▀[38;2;7;19;21m[48;2;9;26;28m▀[38;2;15;47;46m[48;2;3;8;12m▀[38;2;68;236;201m[48;2;19;71;67m▀[38;2;75;255;221m[48;2;66;245;206m▀[38;2;70;255;211m[48;2;62;241;196m▀[38;2;69;255;211m[48;2;61;238;194m▀[38;2;69;255;210m[48;2;58;235;191m▀[38;2;66;253;208m[48;2;55;232;190m▀[38;2;63;249;205m[48;2;55;229;188m▀[38;2;57;243;200m[48;2;52;224;184m▀[38;2;53;237;196m[48;2;46;218;180m▀[38;2;51;233;194m[48;2;43;213;176m▀[38;2;46;229;190m[48;2;40;209;174m▀[38;2;41;222;185m[48;2;37;205;170m▀[38;2;37;216;180m[48;2;34;200;166m▀[38;2;34;209;176m[48;2;30;192;161m▀[38;2;31;204;172m[48;2;26;186;156m▀[38;2;29;200;168m[48;2;24;182;154m▀[38;2;24;194;164m[48;2;22;177;151m▀[38;2;22;188;160m[48;2;20;171;147m▀[38;2;21;185;158m[48;2;18;167;144m▀[38;2;18;178;153m[48;2;15;160;140m▀[38;2;16;173;149m[48;2;13;155;136m▀[38;2;14;168;145m[48;2;12;151;132m▀[38;2;13;164;143m[48;2;10;147;130m▀[38;2;11;159;139m[48;2;9;142;126m▀[38;2;11;154;135m[48;2;8;137;122m▀[38;2;9;150;133m[48;2;7;132;118m▀[38;2;8;146;129m[48;2;6;128;115m▀[38;2;6;142;127m[48;2;5;125;113m▀[38;2;6;137;123m[48;2;4;121;109m▀[38;2;5;133;119m[48;2;4;115;105m▀[38;2;5;127;115m[48;2;3;120;110m▀[38;2;3;132;119m[48;2;4;89;82m▀[38;2;5;102;93m[48;2;4;16;20m▀[38;2;4;26;29m[48;2;10;22;24m▀[38;2;12;25;26m[48;2;152;127;68m▀[38;2;146;119;63m[48;2;223;167;80m▀[38;2;215;160;75m[48;2;132;105;55m▀[38;2;139;111;58m[48;2;2;5;12m▀[38;2;15;14;16m[48;2;13;85;79m▀[38;2;17;90;82m[48;2;28;198;166m▀[38;2;36;212;179m[48;2;24;189;157m▀[38;2;24;121;107m[48;2;34;215;180m▀[38;2;7;14;18m[48;2;19;92;84m▀[38;2;8;25;26m[48;2;6;12;15m▀[38;2;8;23;25m[48;2;8;26;27m▀[0m
[0m [0m [38;2;9;27;28m[48;2;8;23;25m▀[38;2;3;6;11m[48;2;9;24;26m▀[38;2;34;127;112m[48;2;5;14;18m▀[38;2;69;255;214m[48;2;47;180;154m▀[38;2;62;237;194m[48;2;66;254;208m▀[38;2;58;236;193m[48;2;59;232;191m▀[38;2;55;231;190m[48;2;56;231;190m▀[38;2;54;229;188m[48;2;51;226;186m▀[38;2;52;225;185m[48;2;49;223;185m▀[38;2;47;220;182m[48;2;48;220;182m▀[38;2;44;215;179m[48;2;45;216;179m▀[38;2;40;209;174m[48;2;39;208;173m▀[38;2;38;206;172m[48;2;35;204;170m▀[38;2;34;201;169m[48;2;33;199;167m▀[38;2;31;194;163m[48;2;30;194;163m▀[38;2;28;189;159m[48;2;27;189;160m▀[38;2;24;184;156m[48;2;24;182;155m▀[38;2;22;178;152m[48;2;19;175;150m▀[38;2;21;173;150m[48;2;18;170;146m▀[38;2;18;169;146m[48;2;17;167;144m▀[38;2;15;163;142m[48;2;15;163;141m▀[38;2;14;158;138m[48;2;13;157;137m▀[38;2;12;153;134m[48;2;10;151;133m▀[38;2;10;147;129m[48;2;9;145;128m▀[38;2;8;142;126m[48;2;8;141;126m▀[38;2;7;137;123m[48;2;7;136;123m▀[38;2;7;133;119m[48;2;6;131;118m▀[38;2;6;129;116m[48;2;5;127;114m▀[38;2;4;125;113m[48;2;4;120;109m▀[38;2;4;119;108m[48;2;4;125;114m▀[38;2;4;124;113m[48;2;4;94;86m▀[38;2;3;93;86m[48;2;1;31;34m▀[38;2;2;29;32m[48;2;5;36;39m▀[38;2;6;34;35m[48;2;164;146;84m▀[38;2;161;137;76m[48;2;255;204;101m▀[38;2;241;185;91m[48;2;158;134;73m▀[38;2;144;120;65m[48;2;6;24;28m▀[38;2;6;24;28m[48;2;9;87;80m▀[38;2;12;89;81m[48;2;24;184;156m▀[38;2;25;191;161m[48;2;20;179;151m▀[38;2;23;184;154m[48;2;23;183;154m▀[38;2;26;188;158m[48;2;26;191;160m▀[38;2;30;202;168m[48;2;29;194;162m▀[38;2;31;185;156m[48;2;34;210;175m▀[38;2;8;27;29m[48;2;13;63;58m▀[38;2;8;22;24m[48;2;7;14;17m▀[0m
[0m [0m [0m [38;2;8;25;27m[48;2;8;23;25m▀[38;2;7;18;21m[48;2;9;27;28m▀[38;2;11;37;38m[48;2;5;10;14m▀[38;2;58;221;186m[48;2;20;77;71m▀[38;2;60;241;198m[48;2;59;242;201m▀[38;2;54;228;188m[48;2;52;227;188m▀[38;2;51;225;186m[48;2;50;224;185m▀[38;2;46;220;182m[48;2;45;219;181m▀[38;2;44;218;180m[48;2;42;215;177m▀[38;2;41;214;177m[48;2;39;211;175m▀[38;2;38;207;173m[48;2;36;206;172m▀[38;2;35;203;170m[48;2;34;200;168m▀[38;2;32;198;166m[48;2;31;196;164m▀[38;2;29;192;162m[48;2;28;191;161m▀[38;2;26;187;158m[48;2;25;184;156m▀[38;2;23;181;153m[48;2;23;179;152m▀[38;2;19;174;149m[48;2;19;172;148m▀[38;2;17;169;145m[48;2;18;169;145m▀[38;2;17;166;144m[48;2;16;163;142m▀[38;2;14;161;140m[48;2;13;159;139m▀[38;2;12;155;136m[48;2;11;154;135m▀[38;2;11;151;133m[48;2;11;151;133m▀[38;2;9;146;129m[48;2;9;145;129m▀[38;2;8;142;126m[48;2;8;140;126m▀[38;2;7;137;123m[48;2;7;136;122m▀[38;2;5;131;117m[48;2;6;127;114m▀[38;2;5;125;113m[48;2;4;132;119m▀[38;2;4;128;116m[48;2;4;97;89m▀[38;2;4;95;87m[48;2;2;30;33m▀[38;2;2;30;33m[48;2;4;32;36m▀[38;2;4;34;38m[48;2;167;151;90m▀[38;2;166;148;86m[48;2;255;223;117m▀[38;2;255;215;110m[48;2;171;148;83m▀[38;2;167;144;79m[48;2;6;22;26m▀[38;2;6;23;27m[48;2;7;76;71m▀[38;2;8;81;75m[48;2;19;171;146m▀[38;2;20;174;149m[48;2;15;167;143m▀[38;2;18;173;149m[48;2;18;172;147m▀[38;2;20;177;150m[48;2;20;179;152m▀[38;2;21;183;154m[48;2;23;182;154m▀[38;2;25;188;157m[48;2;25;186;156m▀[38;2;27;191;159m[48;2;25;189;158m▀[38;2;31;208;174m[48;2;27;199;166m▀[38;2;14;76;69m[48;2;10;59;54m▀[38;2;7;12;16m[48;2;7;15;18m▀[0m
[0m [0m [0m [0m [0m [38;2;9;27;28m[48;2;8;23;25m▀[38;2;4;8;12m[48;2;9;24;26m▀[38;2;30;123;108m[48;2;5;14;18m▀[38;2;58;247;205m[48;2;35;147;127m▀[38;2;47;220;181m[48;2;53;242;201m▀[38;2;46;217;180m[48;2;46;223;185m▀[38;2;42;213;177m[48;2;40;212;177m▀[38;2;38;210;175m[48;2;36;207;173m▀[38;2;35;203;170m[48;2;34;201;168m▀[38;2;32;198;166m[48;2;30;195;163m▀[38;2;29;194;163m[48;2;27;190;160m▀[38;2;27;189;160m[48;2;24;184;156m▀[38;2;23;181;154m[48;2;21;178;152m▀[38;2;20;174;149m[48;2;19;171;148m▀[38;2;18;170;147m[48;2;16;166;144m▀[38;2;15;165;143m[48;2;13;159;138m▀[38;2;13;159;138m[48;2;11;153;134m▀[38;2;12;155;136m[48;2;10;150;132m▀[38;2;11;151;133m[48;2;9;146;129m▀[38;2;9;146;130m[48;2;7;141;125m▀[38;2;8;142;127m[48;2;6;136;122m▀[38;2;7;138;123m[48;2;6;135;122m▀[38;2;6;130;117m[48;2;5;139;124m▀[38;2;5;134;121m[48;2;4;99;90m▀[38;2;4;98;90m[48;2;2;30;32m▀[38;2;2;30;33m[48;2;3;29;34m▀[38;2;3;31;35m[48;2;165;155;98m▀[38;2;166;154;94m[48;2;255;240;133m▀[38;2;255;233;125m[48;2;175;158;92m▀[38;2;175;154;88m[48;2;6;21;25m▀[38;2;7;21;25m[48;2;5;68;64m▀[38;2;6;71;67m[48;2;15;160;138m▀[38;2;16;166;142m[48;2;12;158;137m▀[38;2;14;163;140m[48;2;13;161;139m▀[38;2;16;166;143m[48;2;15;166;142m▀[38;2;17;171;147m[48;2;16;170;145m▀[38;2;19;175;149m[48;2;18;174;149m▀[38;2;22;181;153m[48;2;19;176;150m▀[38;2;23;181;153m[48;2;21;178;150m▀[38;2;24;192;161m[48;2;22;195;163m▀[38;2;20;165;139m[48;2;10;77;69m▀[38;2;7;24;26m[48;2;7;13;17m▀[38;2;8;22;25m[48;2;8;25;27m▀[0m
[0m [0m [0m [0m [0m [0m [38;2;8;24;26m[48;2;8;23;25m▀[38;2;8;23;25m[48;2;8;24;26m▀[38;2;6;15;19m[48;2;8;24;26m▀[38;2;23;104;92m[48;2;5;10;14m▀[38;2;37;189;160m[48;2;7;24;26m▀[38;2;38;207;174m[48;2;11;50;48m▀[38;2;35;204;171m[48;2;11;53;50m▀[38;2;30;197;166m[48;2;10;52;49m▀[38;2;27;192;162m[48;2;9;51;48m▀[38;2;23;186;157m[48;2;9;50;48m▀[38;2;20;179;152m[48;2;8;49;46m▀[38;2;17;174;148m[48;2;8;48;46m▀[38;2;15;167;144m[48;2;8;48;46m▀[38;2;12;162;140m[48;2;8;50;48m▀[38;2;11;158;137m[48;2;6;45;43m▀[38;2;9;153;133m[48;2;4;40;39m▀[38;2;8;148;130m[48;2;4;38;38m▀[38;2;7;143;126m[48;2;4;38;37m▀[38;2;5;139;122m[48;2;3;35;35m▀[38;2;5;133;119m[48;2;5;39;38m▀[38;2;4;123;110m[48;2;4;38;39m▀[38;2;4;85;78m[48;2;2;26;29m▀[38;2;2;30;33m[48;2;2;28;33m▀[38;2;2;28;33m[48;2;163;158;107m▀[38;2;165;157;104m[48;2;255;252;154m▀[38;2;255;247;145m[48;2;176;165;105m▀[38;2;176;161;98m[48;2;7;24;29m▀[38;2;6;18;23m[48;2;5;71;67m▀[38;2;5;62;60m[48;2;12;158;136m▀[38;2;13;152;131m[48;2;7;151;131m▀[38;2;10;150;132m[48;2;8;153;133m▀[38;2;12;154;134m[48;2;9;159;137m▀[38;2;14;160;139m[48;2;11;165;141m▀[38;2;15;165;141m[48;2;12;168;143m▀[38;2;16;169;144m[48;2;13;172;146m▀[38;2;18;172;147m[48;2;15;172;146m▀[38;2;18;178;150m[48;2;14;161;136m▀[38;2;19;191;160m[48;2;8;85;75m▀[38;2;11;104;90m[48;2;7;15;18m▀[38;2;7;14;18m[48;2;8;24;26m▀[38;2;8;25;26m[48;2;8;23;25m▀[0m [0m
[0m [0m [0m [0m [0m [0m [0m [0m [0m [38;2;9;26;27m[48;2;8;23;25m▀[38;2;8;22;24m[48;2;8;23;25m▀[38;2;7;17;20m[48;2;8;24;26m▀[38;2;7;16;19m[48;2;8;25;26m▀[38;2;7;16;20m[48;2;8;24;26m▀[38;2;8;17;20m[48;2;8;24;26m▀▀[38;2;8;17;20m[48;2;9;27;28m▀[38;2;9;19;22m[48;2;6;21;22m▀[38;2;7;17;20m[48;2;9;23;26m▀[38;2;4;3;9m[48;2;44;133;119m▀[38;2;12;24;27m[48;2;64;219;186m▀[38;2;20;48;48m[48;2;65;238;199m▀[38;2;20;51;50m[48;2;60;232;193m▀[38;2;18;47;46m[48;2;62;245;203m▀[38;2;21;56;54m[48;2;50;199;169m▀[38;2;13;41;41m[48;2;10;47;47m▀[38;2;2;30;33m[48;2;1;23;29m▀[38;2;1;28;33m[48;2;160;159;114m▀[38;2;162;159;112m[48;2;255;255;171m▀[38;2;255;255;163m[48;2;178;172;116m▀[38;2;177;169;110m[48;2;5;19;24m▀[38;2;5;22;26m[48;2;8;46;49m▀[38;2;0;31;34m[48;2;12;59;57m▀[38;2;5;98;87m[48;2;9;45;47m▀[38;2;2;87;80m[48;2;24;124;111m▀[38;2;7;79;74m[48;2;32;180;153m▀[38;2;9;84;77m[48;2;35;185;157m▀[38;2;9;84;78m[48;2;41;193;164m▀[38;2;10;86;80m[48;2;47;200;169m▀[38;2;10;87;79m[48;2;51;204;171m▀[38;2;11;87;80m[48;2;59;224;187m▀[38;2;14;90;82m[48;2;45;162;141m▀[38;2;8;39;39m[48;2;8;23;27m▀[38;2;7;12;16m[48;2;8;25;26m▀[38;2;8;25;26m[48;2;8;24;26m▀[0m [0m [0m [0m
[0m [0m [0m [0m [0m [0m [0m [0m [0m [0m [0m [0m [0m [0m [38;2;8;23;25m[48;2;9;25;27m▀[38;2;9;26;27m[48;2;6;19;21m▀[38;2;6;19;21m[48;2;11;24;27m▀[38;2;11;25;29m[48;2;58;186;162m▀[38;2;59;184;160m[48;2;65;254;209m▀[38;2;69;255;215m[48;2;58;233;191m▀[38;2;61;245;201m[48;2;55;230;189m▀[38;2;56;234;192m[48;2;58;243;200m▀[38;2;59;246;202m[48;2;50;209;174m▀[38;2;48;206;171m[48;2;9;44;44m▀[38;2;7;42;42m[48;2;0;13;21m▀[38;2;0;16;23m[48;2;154;158;118m▀[38;2;157;159;117m[48;2;255;255;181m▀[38;2;255;255;176m[48;2;184;180;125m▀[38;2;181;177;122m[48;2;8;28;31m▀[38;2;8;19;24m[48;2;1;28;32m▀[38;2;19;84;79m[48;2;17;69;65m▀[38;2;50;213;180m[48;2;14;74;67m▀[38;2;43;215;180m[48;2;11;87;77m▀[38;2;38;212;178m[48;2;15;105;92m▀[38;2;16;122;105m[48;2;4;24;30m▀[38;2;13;83;76m[48;2;31;155;134m▀[38;2;19;102;91m[48;2;39;189;160m▀[38;2;22;106;94m[48;2;38;174;148m▀[38;2;23;107;95m[48;2;47;191;161m▀[38;2;26;113;99m[48;2;47;179;154m▀[38;2;20;98;86m[48;2;9;29;32m▀[38;2;8;34;34m[48;2;7;17;20m▀[38;2;7;19;21m[48;2;9;25;27m▀[38;2;8;24;26m[48;2;8;23;25m▀[0m [0m [0m [0m [0m
[0m [0m [0m [0m [0m [0m [0m [0m [0m [0m [0m [0m [38;2;8;23;25m[48;2;9;25;27m▀[38;2;9;25;27m[48;2;6;20;22m▀[38;2;6;19;21m[48;2;10;22;26m▀[38;2;10;23;26m[48;2;52;178;154m▀[38;2;55;182;158m[48;2;58;245;203m▀[38;2;63;250;206m[48;2;51;225;187m▀[38;2;55;230;190m[48;2;50;225;187m▀[38;2;55;229;189m[48;2;52;234;194m▀[38;2;56;240;198m[48;2;45;209;175m▀[38;2;48;210;176m[48;2;10;51;49m▀[38;2;9;48;47m[48;2;0;10;18m▀[38;2;0;12;20m[48;2;147;153;116m▀[38;2;151;157;119m[48;2;255;255;190m▀[38;2;255;255;187m[48;2;191;191;138m▀[38;2;187;184;131m[48;2;12;23;27m▀[38;2;8;21;26m[48;2;18;99;90m▀[38;2;3;29;34m[48;2;29;124;110m▀[38;2;7;51;50m[48;2;3;50;48m▀[38;2;39;187;159m[48;2;26;183;153m▀[38;2;19;98;89m[48;2;17;84;77m▀[38;2;10;31;36m[48;2;51;213;180m▀[38;2;23;99;91m[48;2;20;103;92m▀[38;2;44;180;155m[48;2;46;214;178m▀[38;2;10;57;55m[48;2;7;51;51m▀[38;2;1;27;30m[48;2;37;133;117m▀[38;2;31;111;100m[48;2;64;242;204m▀[38;2;25;99;90m[48;2;16;61;57m▀[38;2;4;24;26m[48;2;7;16;19m▀[38;2;8;21;23m[48;2;9;26;27m▀[38;2;8;25;27m[48;2;8;23;25m▀[0m [0m [0m [0m [0m [0m [0m
[0m [0m [0m [0m [0m [0m [0m [0m [0m [0m [38;2;8;23;25m[48;2;8;25;27m▀[38;2;9;25;27m[48;2;7;20;22m▀[38;2;7;20;22m[48;2;9;21;24m▀[38;2;9;21;24m[48;2;41;164;143m▀[38;2;46;170;148m[48;2;47;231;192m▀[38;2;52;238;197m[48;2;41;212;176m▀[38;2;47;220;182m[48;2;42;214;177m▀[38;2;47;220;183m[48;2;44;222;184m▀[38;2;49;228;190m[48;2;40;206;173m▀[38;2;41;207;174m[48;2;11;57;54m▀[38;2;9;53;50m[48;2;0;8;18m▀[38;2;0;9;18m[48;2;137;141;102m▀[38;2;143;148;110m[48;2;255;255;172m▀[38;2;255;255;182m[48;2;201;195;134m▀[38;2;196;194;138m[48;2;18;28;30m▀[38;2;13;23;26m[48;2;12;70;67m▀[38;2;0;14;22m[48;2;34;166;143m▀[38;2;30;135;117m[48;2;31;168;145m▀[38;2;23;129;113m[48;2;20;110;97m▀[38;2;0;21;25m[48;2;11;61;59m▀[38;2;21;127;111m[48;2;33;192;163m▀[38;2;44;205;174m[48;2;26;152;131m▀[38;2;12;80;72m[48;2;33;151;132m▀[38;2;10;68;63m[48;2;12;76;70m▀[38;2;38;172;147m[48;2;58;240;200m▀[38;2;33;120;107m[48;2;60;241;201m▀[38;2;64;248;208m[48;2;16;69;63m▀[38;2;13;58;54m[48;2;5;8;13m▀[38;2;4;8;12m[48;2;9;28;29m▀[38;2;9;26;28m[48;2;8;23;25m▀[0m [0m [0m [0m [0m [0m [0m [0m [0m
[0m [0m [0m [0m [0m [0m [0m [0m [38;2;8;23;25m[48;2;8;25;26m▀[38;2;8;25;27m[48;2;7;21;23m▀[38;2;7;21;23m[48;2;8;19;23m▀[38;2;8;20;23m[48;2;33;154;134m▀[38;2;37;159;139m[48;2;37;218;182m▀[38;2;41;224;186m[48;2;32;199;165m▀[38;2;36;205;170m[48;2;32;200;167m▀[38;2;36;206;172m[48;2;33;204;171m▀[38;2;39;214;178m[48;2;31;198;166m▀[38;2;35;202;169m[48;2;10;63;58m▀[38;2;11;60;56m[48;2;0;6;17m▀[38;2;0;6;17m[48;2;123;126;89m▀[38;2;131;134;95m[48;2;255;249;152m▀[38;2;255;255;162m[48;2;210;196;123m▀[38;2;204;195;129m[48;2;26;39;37m▀[38;2;19;35;35m[48;2;0;18;28m▀[38;2;0;22;28m[48;2;62;74;57m▀[38;2;4;73;71m[48;2;181;159;97m▀[38;2;11;103;91m[48;2;139;117;75m▀[38;2;10;99;89m[48;2;135;117;74m▀[38;2;0;27;35m[48;2;189;177;110m▀[38;2;0;60;59m[48;2;122;111;73m▀[38;2;8;70;64m[48;2;0;32;38m▀[38;2;6;47;47m[48;2;28;146;127m▀[38;2;14;88;79m[48;2;23;116;103m▀[38;2;3;27;31m[48;2;42;177;154m▀[38;2;22;105;94m[48;2;10;43;44m▀[38;2;13;64;59m[48;2;5;9;14m▀[38;2;5;10;15m[48;2;9;27;28m▀[38;2;9;27;28m[48;2;8;23;25m▀[0m [0m [0m [0m [0m [0m [0m [0m [0m [0m [0m
[0m [0m [0m [0m [0m [0m [38;2;8;23;25m[48;2;8;24;26m▀[38;2;8;25;26m[48;2;7;22;24m▀[38;2;8;21;23m[48;2;8;18;21m▀[38;2;8;18;22m[48;2;27;142;124m▀[38;2;29;148;129m[48;2;30;207;173m▀[38;2;34;212;177m[48;2;26;187;157m▀[38;2;28;192;160m[48;2;26;186;157m▀[38;2;28;192;162m[48;2;26;189;159m▀[38;2;29;196;165m[48;2;25;189;159m▀[38;2;28;193;163m[48;2;10;69;63m▀[38;2;10;66;60m[48;2;0;5;17m▀[38;2;0;5;17m[48;2;108;111;76m▀[38;2;116;119;82m[48;2;255;235;134m▀[38;2;255;242;143m[48;2;218;195;113m▀[38;2;214;196;118m[48;2;26;34;33m▀[38;2;21;34;34m[48;2;33;48;42m▀[38;2;0;16;26m[48;2;65;74;57m▀[38;2;214;191;117m[48;2;117;112;70m▀[38;2;105;105;73m[48;2;255;234;136m▀[38;2;48;53;40m[48;2;54;65;56m▀[38;2;18;35;35m[48;2;171;159;102m▀[38;2;188;169;103m[48;2;168;154;93m▀[38;2;244;219;122m[48;2;94;95;63m▀[38;2;180;159;95m[48;2;189;167;101m▀[38;2;0;37;42m[48;2;0;30;37m▀[38;2;24;130;111m[48;2;36;161;140m▀[38;2;28;155;132m[48;2;13;62;61m▀[38;2;19;103;90m[48;2;4;3;9m▀[38;2;8;21;23m[48;2;9;25;26m▀[38;2;9;26;27m[48;2;8;23;25m▀[0m [0m [0m [0m [0m [0m [0m [0m [0m [0m [0m [0m [0m
[0m [0m [0m [0m [38;2;8;23;25m[48;2;8;24;26m▀[38;2;8;24;26m[48;2;8;23;25m▀[38;2;8;22;24m[48;2;7;15;19m▀[38;2;7;16;20m[48;2;22;129;113m▀[38;2;24;135;118m[48;2;24;195;165m▀[38;2;27;201;167m[48;2;20;175;149m▀[38;2;22;181;152m[48;2;19;176;150m▀[38;2;23;182;153m[48;2;19;177;150m▀[38;2;21;181;153m[48;2;18;180;152m▀[38;2;21;184;155m[48;2;10;74;66m▀[38;2;11;72;65m[48;2;0;5;17m▀[38;2;0;4;17m[48;2;91;96;66m▀[38;2;99;103;70m[48;2;255;217;117m▀[38;2;255;227;124m[48;2;222;189;102m▀[38;2;221;193;108m[48;2;35;44;37m▀[38;2;37;45;38m[48;2;0;9;23m▀[38;2;14;29;33m[48;2;134;123;73m▀[38;2;93;98;67m[48;2;180;162;91m▀[38;2;103;103;69m[48;2;55;64;48m▀[38;2;0;6;20m[48;2;4;25;32m▀[38;2;125;120;76m[48;2;43;58;49m▀[38;2;255;250;146m[48;2;115;108;69m▀[38;2;185;165;99m[48;2;64;73;55m▀[38;2;0;15;23m[48;2;4;19;30m▀[38;2;40;59;48m[48;2;85;90;61m▀[38;2;75;73;51m[48;2;183;163;97m▀[38;2;5;66;63m[48;2;0;19;27m▀[38;2;24;133;115m[48;2;9;18;21m▀[38;2;7;19;22m[48;2;8;22;24m▀[38;2;9;26;27m[48;2;8;23;25m▀[0m [0m [0m [0m [0m [0m [0m [0m [0m [0m [0m [0m [0m [0m [0m
[0m [0m [38;2;8;23;25m[48;2;8;24;25m▀[38;2;8;24;26m[48;2;8;24;25m▀[38;2;8;23;25m[48;2;7;14;18m▀[38;2;7;14;18m[48;2;16;115;101m▀[38;2;18;122;108m[48;2;18;184;156m▀[38;2;21;191;161m[48;2;15;165;141m▀[38;2;17;169;145m[48;2;14;164;142m▀[38;2;16;171;147m[48;2;13;163;141m▀[38;2;16;169;146m[48;2;12;170;146m▀[38;2;16;177;150m[48;2;9;80;72m▀[38;2;10;77;69m[48;2;0;6;19m▀[38;2;0;5;18m[48;2;75;83;58m▀[38;2;83;90;63m[48;2;248;201;105m▀[38;2;253;208;110m[48;2;223;181;94m▀[38;2;223;185;98m[48;2;44;52;41m▀[38;2;39;45;37m[48;2;2;21;30m▀[38;2;11;31;34m[48;2;153;134;76m▀[38;2;88;92;62m[48;2;230;186;97m▀[38;2;87;87;58m[48;2;222;181;96m▀[38;2;85;86;59m[48;2;228;188;101m▀[38;2;73;75;57m[48;2;232;196;107m▀[38;2;174;161;98m[48;2;228;197;107m▀[38;2;236;204;118m[48;2;73;80;54m▀[38;2;0;6;21m[48;2;4;25;32m▀[38;2;180;160;94m[48;2;27;43;37m▀[38;2;189;171;102m[48;2;229;195;105m▀[38;2;203;176;100m[48;2;170;148;83m▀[38;2;143;129;76m[48;2;0;15;22m▀[38;2;0;11;19m[48;2;9;26;27m▀[38;2;12;26;27m[48;2;9;26;27m▀[38;2;8;23;25m[48;2;8;25;27m▀▀[38;2;8;23;25m[48;2;8;26;27m▀▀[38;2;8;23;25m[48;2;9;26;27m▀▀▀[38;2;8;23;25m[48;2;9;26;28m▀[38;2;8;23;25m[48;2;9;25;26m▀[0m [0m [0m [0m [0m [0m [0m [0m
[0m [38;2;8;23;25m[48;2;8;25;27m▀[38;2;8;24;26m[48;2;7;14;18m▀[38;2;7;14;18m[48;2;12;95;85m▀[38;2;13;107;94m[48;2;13;174;149m▀[38;2;16;178;152m[48;2;10;152;132m▀[38;2;12;158;137m[48;2;10;152;133m▀[38;2;11;158;137m[48;2;9;151;131m▀[38;2;11;158;136m[48;2;8;160;138m▀[38;2;10;164;142m[48;2;6;82;73m▀[38;2;7;81;72m[48;2;0;8;20m▀[38;2;0;7;19m[48;2;66;75;53m▀[38;2;70;78;55m[48;2;233;185;94m▀[38;2;239;191;97m[48;2;221;174;87m▀[38;2;221;176;89m[48;2;49;56;41m▀[38;2;46;54;41m[48;2;0;12;23m▀[38;2;0;14;25m[48;2;9;62;57m▀[38;2;7;26;27m[48;2;9;104;93m▀[38;2;15;25;24m[48;2;8;120;106m▀[38;2;3;21;25m[48;2;8;93;84m▀[38;2;5;29;31m[48;2;0;22;28m▀[38;2;5;28;30m[48;2;0;30;34m▀[38;2;4;21;23m[48;2;4;69;66m▀[38;2;1;15;20m[48;2;9;102;92m▀[38;2;0;14;22m[48;2;13;114;101m▀[38;2;2;25;28m[48;2;14;117;104m▀[38;2;0;10;17m[48;2;19;124;108m▀[38;2;24;27;24m[48;2;16;125;111m▀[38;2;9;16;19m[48;2;21;130;115m▀[38;2;5;11;16m[48;2;25;135;119m▀[38;2;8;14;17m[48;2;26;137;121m▀[38;2;7;13;17m[48;2;29;140;123m▀[38;2;6;12;17m[48;2;31;142;125m▀[38;2;6;12;16m[48;2;34;146;128m▀[38;2;6;11;16m[48;2;38;149;131m▀[38;2;6;11;16m[48;2;40;150;132m▀[38;2;6;11;15m[48;2;42;152;134m▀[38;2;6;11;15m[48;2;43;153;135m▀[38;2;5;10;15m[48;2;47;156;137m▀[38;2;3;8;12m[48;2;44;132;117m▀[38;2;5;17;19m[48;2;21;51;51m▀[38;2;9;26;27m[48;2;3;10;14m▀[38;2;8;23;25m[48;2;9;25;27m▀[0m [0m [0m [0m [0m [0m
[38;2;8;24;26m[48;2;8;25;27m▀[38;2;8;17;20m[48;2;8;14;17m▀[38;2;9;52;49m[48;2;8;101;89m▀[38;2;13;165;142m[48;2;9;159;137m▀[38;2;10;151;131m[48;2;7;142;124m▀[38;2;8;148;129m[48;2;7;143;125m▀[38;2;8;147;129m[48;2;6;151;133m▀[38;2;7;156;135m[48;2;6;82;74m▀[38;2;6;81;72m[48;2;0;9;20m▀[38;2;0;8;20m[48;2;55;66;49m▀[38;2;60;69;50m[48;2;216;170;86m▀[38;2;225;178;90m[48;2;215;165;82m▀[38;2;219;171;85m[48;2;55;60;42m▀[38;2;52;59;43m[48;2;0;9;21m▀[38;2;0;9;21m[48;2;10;79;71m▀[38;2;9;78;70m[48;2;10;153;131m▀[38;2;11;155;133m[48;2;8;155;132m▀[38;2;11;170;145m[48;2;7;133;116m▀[38;2;9;146;126m[48;2;0;26;30m▀[38;2;2;39;40m[48;2;2;42;43m▀[38;2;3;42;43m[48;2;6;129;114m▀[38;2;8;121;107m[48;2;5;138;122m▀[38;2;9;150;131m[48;2;6;135;120m▀[38;2;10;154;135m[48;2;7;141;125m▀[38;2;11;158;138m[48;2;9;146;129m▀[38;2;11;164;142m[48;2;11;151;133m▀[38;2;14;172;148m[48;2;13;158;138m▀[38;2;20;180;154m[48;2;16;164;142m▀[38;2;22;185;157m[48;2;19;170;145m▀[38;2;24;192;163m[48;2;20;175;150m▀[38;2;27;198;167m[48;2;22;179;153m▀[38;2;30;203;171m[48;2;26;185;157m▀[38;2;34;208;175m[48;2;29;190;161m▀[38;2;37;214;179m[48;2;32;194;164m▀[38;2;40;219;183m[48;2;33;198;167m▀[38;2;42;224;187m[48;2;34;202;169m▀[38;2;46;229;191m[48;2;38;208;172m▀[38;2;50;234;194m[48;2;44;215;179m▀[38;2;55;239;199m[48;2;48;220;184m▀[38;2;61;249;206m[48;2;51;223;185m▀[38;2;69;235;199m[48;2;56;235;194m▀[38;2;40;104;97m[48;2;72;252;212m▀[38;2;4;10;14m[48;2;35;94;88m▀[38;2;9;26;27m[48;2;3;10;13m▀[38;2;8;23;25m[48;2;9;27;28m▀[0m [0m [0m [0m
[38;2;8;24;26m[48;2;8;25;27m▀[38;2;8;17;20m[48;2;8;15;19m▀[38;2;6;113;99m[48;2;5;98;87m▀[38;2;7;150;131m[48;2;6;149;129m▀[38;2;5;137;121m[48;2;6;145;126m▀[38;2;5;148;129m[48;2;6;84;75m▀[38;2;6;83;75m[48;2;0;11;22m▀[38;2;0;10;21m[48;2;48;60;45m▀[38;2;52;63;47m[48;2;206;160;79m▀[38;2;210;164;83m[48;2;212;160;77m▀[38;2;212;162;79m[48;2;60;62;42m▀[38;2;57;60;41m[48;2;0;10;21m▀[38;2;0;9;21m[48;2;8;72;65m▀[38;2;9;75;67m[48;2;8;145;124m▀[38;2;8;149;127m[48;2;6;146;125m▀[38;2;8;151;130m[48;2;5;130;113m▀[38;2;6;133;115m[48;2;1;30;33m▀[38;2;0;28;31m[48;2;2;44;44m▀[38;2;2;44;44m[48;2;5;123;110m▀[38;2;5;127;113m[48;2;3;125;113m▀[38;2;4;130;116m[48;2;4;126;114m▀[38;2;5;130;117m[48;2;5;131;118m▀[38;2;6;137;121m[48;2;6;136;121m▀[38;2;8;141;126m[48;2;8;141;125m▀[38;2;9;147;130m[48;2;9;146;129m▀[38;2;11;152;134m[48;2;11;151;133m▀[38;2;13;156;137m[48;2;12;155;136m▀[38;2;15;163;141m[48;2;14;162;141m▀[38;2;17;169;145m[48;2;17;168;145m▀[38;2;19;174;150m[48;2;18;172;148m▀[38;2;21;178;152m[48;2;20;176;151m▀[38;2;24;185;156m[48;2;23;181;154m▀[38;2;26;189;160m[48;2;25;186;157m▀[38;2;29;192;161m[48;2;26;188;158m▀[38;2;31;196;165m[48;2;29;192;162m▀[38;2;33;200;167m[48;2;32;197;166m▀[38;2;37;206;172m[48;2;35;203;170m▀[38;2;42;214;179m[48;2;39;209;174m▀[38;2;44;219;182m[48;2;42;214;179m▀[38;2;48;224;186m[48;2;45;221;183m▀[38;2;55;227;190m[48;2;51;225;188m▀[38;2;56;237;195m[48;2;54;226;188m▀[38;2;67;229;195m[48;2;60;247;203m▀[38;2;19;44;46m[48;2;56;175;153m▀[38;2;5;17;19m[48;2;6;12;17m▀[38;2;9;25;27m[48;2;8;25;27m▀[0m [0m [0m
[38;2;8;25;26m[48;2;8;23;25m▀[38;2;8;17;20m[48;2;8;23;25m▀[38;2;6;55;52m[48;2;8;24;26m▀[38;2;5;152;132m[48;2;5;62;58m▀[38;2;6;86;77m[48;2;0;16;26m▀[38;2;0;11;22m[48;2;43;55;42m▀[38;2;46;58;44m[48;2;197;153;74m▀[38;2;201;157;77m[48;2;208;156;75m▀[38;2;210;158;76m[48;2;62;63;42m▀[38;2;61;62;42m[48;2;0;11;22m▀[38;2;0;11;22m[48;2;6;66;60m▀[38;2;7;69;62m[48;2;5;133;115m▀[38;2;6;138;119m[48;2;5;137;119m▀[38;2;6;142;122m[48;2;4;125;109m▀[38;2;5;128;110m[48;2;0;31;34m▀[38;2;0;29;32m[48;2;2;44;44m▀[38;2;2;44;44m[48;2;4;119;107m▀[38;2;5;121;109m[48;2;3;118;107m▀[38;2;4;120;110m[48;2;4;117;107m▀[38;2;4;121;109m[48;2;4;121;110m▀[38;2;4;125;113m[48;2;4;125;114m▀[38;2;5;130;117m[48;2;5;129;116m▀[38;2;6;136;121m[48;2;6;134;118m▀[38;2;7;141;126m[48;2;7;138;123m▀[38;2;8;145;128m[48;2;8;143;127m▀[38;2;10;150;132m[48;2;9;149;131m▀[38;2;11;154;135m[48;2;11;155;135m▀[38;2;13;159;139m[48;2;13;158;139m▀[38;2;16;166;144m[48;2;15;163;141m▀[38;2;18;172;148m[48;2;17;169;146m▀[38;2;19;175;151m[48;2;19;174;150m▀[38;2;21;179;152m[48;2;20;177;151m▀[38;2;24;183;155m[48;2;21;179;153m▀[38;2;25;186;157m[48;2;24;183;156m▀[38;2;27;190;160m[48;2;26;187;159m▀[38;2;30;195;164m[48;2;29;192;162m▀[38;2;33;200;168m[48;2;31;196;166m▀[38;2;37;205;172m[48;2;33;201;169m▀[38;2;40;211;175m[48;2;38;207;173m▀[38;2;43;217;180m[48;2;40;212;177m▀[38;2;47;221;184m[48;2;44;216;180m▀[38;2;50;226;187m[48;2;47;221;184m▀[38;2;50;226;186m[48;2;48;224;185m▀[38;2;64;248;206m[48;2;52;232;191m▀[38;2;37;104;96m[48;2;62;224;190m▀[38;2;3;8;12m[48;2;17;43;45m▀[38;2;9;27;28m[48;2;6;17;20m▀[38;2;8;23;25m[48;2;9;25;27m▀[0m
[0m [0m [38;2;10;24;25m[48;2;10;25;26m▀[38;2;2;14;20m[48;2;1;17;24m▀[38;2;55;62;45m[48;2;91;79;46m▀[38;2;197;152;75m[48;2;205;152;73m▀[38;2;208;154;73m[48;2;64;63;42m▀[38;2;63;62;41m[48;2;0;15;26m▀[38;2;0;11;22m[48;2;5;65;60m▀[38;2;6;63;58m[48;2;3;128;113m▀[38;2;4;128;113m[48;2;2;122;109m▀[38;2;4;135;117m[48;2;2;98;88m▀[38;2;3;121;106m[48;2;5;30;31m▀[38;2;1;31;34m[48;2;4;46;45m▀[38;2;2;44;44m[48;2;4;121;108m▀[38;2;4;117;105m[48;2;2;116;106m▀[38;2;3;114;104m[48;2;2;116;105m▀[38;2;3;113;103m[48;2;2;119;108m▀[38;2;3;117;108m[48;2;3;122;110m▀[38;2;4;122;111m[48;2;3;125;112m▀[38;2;3;123;112m[48;2;3;127;114m▀[38;2;4;127;114m[48;2;4;131;117m▀[38;2;5;132;118m[48;2;4;136;121m▀[38;2;6;137;122m[48;2;6;139;122m▀[38;2;8;143;127m[48;2;7;144;127m▀[38;2;10;148;131m[48;2;7;148;131m▀[38;2;11;152;134m[48;2;8;152;133m▀[38;2;12;156;137m[48;2;10;156;136m▀[38;2;14;161;141m[48;2;11;161;140m▀[38;2;15;165;143m[48;2;12;164;142m▀[38;2;16;168;145m[48;2;13;167;144m▀[38;2;19;173;148m[48;2;15;171;147m▀[38;2;20;175;150m[48;2;18;176;151m▀[38;2;23;180;154m[48;2;19;181;154m▀[38;2;24;183;155m[48;2;21;184;157m▀[38;2;27;188;159m[48;2;24;189;160m▀[38;2;28;192;161m[48;2;26;194;164m▀[38;2;30;196;165m[48;2;29;199;168m▀[38;2;33;200;168m[48;2;31;204;171m▀[38;2;37;206;172m[48;2;34;209;175m▀[38;2;41;212;176m[48;2;38;214;179m▀[38;2;43;216;179m[48;2;39;217;181m▀[38;2;46;219;183m[48;2;44;222;185m▀[38;2;48;220;183m[48;2;46;226;189m▀[38;2;56;242;200m[48;2;48;227;190m▀[38;2;52;169;148m[48;2;61;251;210m▀[38;2;5;10;15m[48;2;31;102;93m▀[38;2;8;25;26m[48;2;4;11;14m▀[0m
[0m [0m [0m [0m [38;2;2;19;23m[48;2;9;24;25m▀[38;2;27;35;29m[48;2;3;20;24m▀[38;2;0;20;26m[48;2;10;24;25m▀[38;2;6;26;28m[48;2;9;23;25m▀[38;2;5;44;43m[48;2;8;18;21m▀[38;2;5;46;45m[48;2;8;18;21m▀[38;2;5;38;38m[48;2;8;19;22m▀[38;2;7;20;22m[48;2;8;24;25m▀[38;2;8;19;22m[48;2;8;24;26m▀[38;2;5;43;42m[48;2;8;19;22m▀[38;2;5;45;44m[48;2;8;18;21m▀[38;2;5;42;42m[48;2;8;19;21m▀[38;2;5;44;44m[48;2;8;18;21m▀▀▀[38;2;5;45;44m[48;2;8;18;21m▀[38;2;5;45;45m[48;2;8;18;21m▀[38;2;5;47;46m[48;2;8;18;21m▀[38;2;5;48;46m[48;2;8;18;20m▀[38;2;5;48;47m[48;2;8;18;20m▀[38;2;6;49;48m[48;2;8;17;20m▀[38;2;6;50;48m[48;2;8;17;20m▀▀[38;2;6;51;49m[48;2;8;17;20m▀[38;2;6;52;50m[48;2;8;17;20m▀[38;2;7;53;50m[48;2;8;17;20m▀[38;2;7;54;51m[48;2;8;16;20m▀[38;2;7;54;51m[48;2;8;16;19m▀[38;2;8;56;53m[48;2;8;16;19m▀[38;2;8;57;53m[48;2;8;16;19m▀[38;2;9;58;54m[48;2;8;15;19m▀[38;2;9;59;55m[48;2;7;15;19m▀[38;2;10;61;56m[48;2;7;15;18m▀[38;2;11;61;57m[48;2;7;15;18m▀[38;2;11;62;57m[48;2;7;15;18m▀[38;2;12;63;58m[48;2;7;14;18m▀[38;2;12;64;59m[48;2;7;14;18m▀[38;2;13;65;60m[48;2;7;14;18m▀[38;2;14;67;61m[48;2;7;14;17m▀▀[38;2;15;67;61m[48;2;6;14;17m▀[38;2;17;72;65m[48;2;6;12;16m▀[38;2;16;60;56m[48;2;6;15;18m▀[38;2;7;20;23m[48;2;8;24;26m▀[0m
[0m [0m [0m [0m [0m [38;2;9;24;25m[48;2;8;23;25m▀[0m [0m [38;2;8;24;26m[48;2;8;23;25m▀▀▀[0m [0m [38;2;8;24;26m[48;2;8;23;25m▀▀▀▀▀▀▀▀▀▀▀▀▀▀▀▀▀▀[38;2;8;25;26m[48;2;8;23;25m▀▀▀▀▀▀[38;2;8;25;27m[48;2;8;23;25m▀▀▀▀▀▀▀▀▀[38;2;8;24;26m[48;2;8;23;25m▀[0m [0m
[0m [0m [0m [0m [0m [0m [0m [0m [0m [0m [0m [0m [0m [0m [0m [0m [0m [0m [0m [0m [0m [0m [0m [0m [0m [0m [0m [0m [0m [0m [0m [0m [0m [0m [0m [0m [0m [0m [0m [0m [0m [0m [0m [0m [0m [0m [0m [0m [0m
